5277812733
5277728642
5276043563
5275731596
5275628573
5275516872
5275244776
5274460432
5274454498
5274243911
5273670464
5273573049
5273422386
5273297625
5272777619
5272835551
5272616756
5272602415
5270827045
5270824691
5270636970
5270620679
5270362856
5270208791
5270055719
5269714288
5268973246
5268992170
5268020314
5268023460
5267566361
5267641429
5267027227
5266969823
5266967566
5266894970
5266951750
5257811409
5257696241
5257730639
5257585817
5257581509
5253698408
5253714411
5253651970
5253492965
5248341170
5248103128
5247445238
5246535677
5279509350
5278355447
5277635271
5277577822
5275161801
5272515064
5270709534
5268297718
5267870047
5267924039
5261975170
5261879426
5261111893
5251845212
5251880754
5251712235
5249918947
5249923756
5249676328
5249396373
5247037794
5246918255
5243112841
5242962219
5239608521
5238341184
5235813866
5232242837
5229333896
5229188939
5228695122
5228700926
5227506193
5226827903
5226835795
5226706371
5225865493
5225827980
5276720317
5275975229
5275916568
5272804473
5272821060
5272684538
5268678580
5262828311
5261142078
5258560435
5255403367
5249808504
5248845492
5246484364
5244203486
5239837620
5239790802
5237446069
5235426245
5228346519
5224754421
